"__glayCluster","AverageShortestPathLength","BetweennessCentrality","ClosenessCentrality","ClusteringCoefficient","Degree","Eccentricity","IsSingleNode","name","NeighborhoodConnectivity","NumberOfDirectedEdges","NumberOfUndirectedEdges","PartnerOfMultiEdgedNodePairs","Radiality","selected","SelfLoops","shared name","Stress","TopologicalCoefficient"
"5","3.3876651982378854","0.009891704193654614","0.2951885565669701","0.0","5","8","false","Pak6","7.4","0","5","0","0.9317809943360604","false","0","Pak6","2310","0.2064516129032258"
"5","3.3303964757709252","0.002490831444653531","0.30026455026455023","0.7714285714285715","15","7","false","F2r","15.533333333333333","0","15","0","0.9334172435494021","false","0","F2r","1566","0.2987179487179487"
"5","4.149779735682819","0.005377582827435717","0.24097664543524416","0.3333333333333333","3","8","false","Hipk2","5.333333333333333","0","3","0","0.9100062932662052","false","0","Hipk2","562","0.38461538461538464"
"5","4.008810572687224","0.006366029815064021","0.24945054945054948","0.3333333333333333","3","7","false","Rassf5","6.0","0","3","0","0.9140339836375079","false","0","Rassf5","650","0.40476190476190477"
"5","3.5198237885462555","0.00118268384868856","0.28410513141426785","0.0","2","8","false","Cblc","14.0","0","2","0","0.9280050346129641","false","0","Cblc","388","0.52"
"5","3.299559471365639","0.021745019152267276","0.3030707610146862","0.0","5","7","false","Tgfb1i1","11.6","0","5","0","0.9342983008181246","false","0","Tgfb1i1","4790","0.212"
"5","4.431718061674009","0.00881057268722467","0.22564612326043737","0.0","2","8","false","Metrnl","8.0","0","2","0","0.9019509125235997","false","0","Metrnl","2336","0.5"
"5","3.841409691629956","0.0","0.26032110091743116","1.0","2","8","false","Crmp1","13.5","0","2","0","0.9188168659534298","false","0","Crmp1","0","0.5625"
"5","3.563876651982379","0.008550469844272107","0.28059332509270707","0.2","5","8","false","Efnb1","8.0","0","5","0","0.9267463813719321","false","0","Efnb1","1248","0.2375"
"5","5.233480176211454","0.0","0.1910774410774411","0.0","1","9","false","Lin28b","3.0","0","1","0","0.8790434235368156","false","0","Lin28b","0","0.0"
"5","3.859030837004405","0.0010700491511232441","0.2591324200913242","0.0","3","8","false","Sema3g","5.333333333333333","0","3","0","0.918313404657017","false","0","Sema3g","280","0.3611111111111111"
"5","4.171806167400881","0.030309925780862588","0.23970432946145726","0.0","3","9","false","Rgl2","4.666666666666667","0","3","0","0.9093769666456891","false","0","Rgl2","5222","0.3333333333333333"
"5","3.0881057268722465","0.09431468012410327","0.3238231098430813","0.21666666666666667","16","7","false","Adcy4","8.1875","0","16","0","0.9403398363750788","false","0","Adcy4","20088","0.1474056603773585"
"5","3.2422907488986783","0.03503121553158782","0.30842391304347827","0.5321637426900585","19","8","false","Gcgr","13.578947368421053","0","19","0","0.9359345500314664","false","0","Gcgr","8056","0.23411978221415608"
"5","3.9030837004405288","2.911317713859523E-4","0.2562076749435666","0.8","5","8","false","Minpp1","8.6","0","5","0","0.917054751415985","false","0","Minpp1","108","0.45263157894736844"
"5","3.3480176211453743","0.0010289735403089203","0.29868421052631583","0.9102564102564102","13","7","false","Tbxa2r","16.23076923076923","0","13","0","0.9329137822529893","false","0","Tbxa2r","702","0.31825037707390647"
"5","4.083700440528634","0.0","0.24487594390507011","0.0","1","8","false","Pde8a","16.0","0","1","0","0.9118942731277533","false","0","Pde8a","0","0.0"
"5","4.083700440528634","0.0","0.24487594390507011","0.0","1","8","false","Ccdc3","16.0","0","1","0","0.9118942731277533","false","0","Ccdc3","0","0.0"
"5","3.3259911894273126","0.024697504639513774","0.30066225165562915","0.2","6","8","false","Arap3","18.666666666666668","0","6","0","0.9335431088735053","false","0","Arap3","7162","0.31871345029239767"
"5","3.458149779735683","0.02369818127598279","0.289171974522293","0.19230769230769232","13","7","false","Acta1","8.615384615384615","0","13","0","0.929767149150409","false","0","Acta1","6892","0.2517482517482518"
"5","4.229074889867841","0.0","0.23645833333333333","0.0","1","9","false","Rgl1","10.0","0","1","0","0.9077407174323474","false","0","Rgl1","0","0.0"
"5","4.083700440528634","0.0","0.24487594390507011","0.0","1","8","false","Pde4a","16.0","0","1","0","0.9118942731277533","false","0","Pde4a","0","0.0"
"5","4.215859030837004","0.00883631267436967","0.23719958202716826","0.3333333333333333","4","8","false","Mkl2","11.0","0","4","0","0.9081183134046571","false","0","Mkl2","1638","0.48863636363636365"
"5","3.3348017621145374","0.029870993453502182","0.2998678996036988","0.6373626373626373","14","8","false","Kalrn","18.071428571428573","0","14","0","0.933291378225299","false","0","Kalrn","9698","0.2697228144989339"
"5","6.6784140969163","0.00881057268722467","0.14973614775725594","0.0","2","11","false","Hoxc10","1.5","0","2","0","0.8377595972309629","false","0","Hoxc10","1118","0.5"
"5","4.202643171806168","9.865660730092112E-4","0.23794549266247378","0.6","5","8","false","Smtn","12.4","0","5","0","0.9084959093769667","false","0","Smtn","362","0.496"
"5","5.691629955947136","0.01754317570465089","0.17569659442724458","0.0","2","10","false","Tbx4","2.0","0","2","0","0.8659534298300818","false","0","Tbx4","2232","0.5"
"5","3.290748898678414","0.03074677766687907","0.3038821954484605","0.5","13","7","false","Mylk","11.76923076923077","0","13","0","0.934550031466331","false","0","Mylk","8630","0.2765567765567766"
"5","3.7841409691629955","6.096485609954871E-4","0.26426076833527357","0.8214285714285714","8","8","false","Adrb1","11.875","0","8","0","0.9204531151667715","false","0","Adrb1","246","0.30448717948717946"
"5","4.889867841409692","0.0","0.2045045045045045","0.0","1","9","false","Fabp3","11.0","0","1","0","0.8888609188168659","false","0","Fabp3","0","0.0"
"5","7.674008810572687","0.0","0.13030998851894374","0.0","1","12","false","Hoxc6","2.0","0","1","0","0.8093140339836375","false","0","Hoxc6","0","0.0"
"5","4.533039647577093","0.0","0.22060252672497568","0.0","1","8","false","Pigh","8.0","0","1","0","0.899056010069226","false","0","Pigh","0","0.0"
"5","3.497797356828194","0.0029927605183907714","0.2858942065491184","0.7777777777777778","9","7","false","Adra2c","12.777777777777779","0","9","0","0.9286343612334802","false","0","Adra2c","1530","0.30423280423280424"
"5","4.621145374449339","0.0","0.2163965681601525","0.0","1","9","false","Syt13","4.0","0","1","0","0.8965387035871617","false","0","Syt13","0","0.0"
"5","4.312775330396476","0.0","0.23186925434116445","1.0","5","8","false","Obsl1","12.6","0","5","0","0.9053492762743863","false","0","Obsl1","0","0.63"
"5","4.753303964757709","0.0","0.21037998146431883","0.0","1","8","false","Cotl1","4.0","0","1","0","0.8927627438640654","false","0","Cotl1","0","0.0"
"5","3.828193832599119","0.0","0.26121979286536245","1.0","7","8","false","Gpr20","11.571428571428571","0","7","0","0.9191944619257395","false","0","Gpr20","0","0.36160714285714285"
"5","4.061674008810573","4.603010294796191E-4","0.24620390455531452","0.3333333333333333","4","8","false","Phactr2","15.5","0","4","0","0.9125235997482694","false","0","Phactr2","320","0.5865384615384616"
"5","5.511013215859031","0.008810572687224669","0.18145483613109512","0.0","2","10","false","Fam43a","1.5","0","2","0","0.8711139081183135","false","0","Fam43a","1654","0.5"
"5","3.497797356828194","0.0029927605183907714","0.2858942065491184","0.7777777777777778","9","7","false","Adra2b","12.777777777777779","0","9","0","0.9286343612334802","false","0","Adra2b","1530","0.30423280423280424"
"5","4.061674008810573","4.603010294796191E-4","0.24620390455531452","0.3333333333333333","4","8","false","Mtss1l","15.5","0","4","0","0.9125235997482694","false","0","Mtss1l","320","0.5865384615384616"
"5","3.8237885462555066","0.00881057268722467","0.26152073732718895","0.75","8","8","false","Calcrl","10.125","0","8","0","0.9193203272498427","false","0","Calcrl","1702","0.3225806451612903"
"5","3.6651982378854626","0.0","0.27283653846153844","1.0","3","8","false","Akap13","29.0","0","3","0","0.9238514789175583","false","0","Akap13","0","0.7837837837837838"
"5","3.3744493392070485","0.04247135309287645","0.2963446475195822","0.4095238095238095","15","7","false","Myl9","11.4","0","15","0","0.9321585903083701","false","0","Myl9","11690","0.23129251700680273"
"5","3.5462555066079293","0.0029068355244404247","0.2819875776397516","0.3333333333333333","3","7","false","Pkn1","14.333333333333334","0","3","0","0.927249842668345","false","0","Pkn1","674","0.3684210526315789"
"5","3.149779735682819","0.02975420669569816","0.3174825174825175","0.34285714285714286","15","7","false","Gnai1","11.666666666666666","0","15","0","0.9385777218376337","false","0","Gnai1","8758","0.2023391812865497"
"5","3.2775330396475773","0.0012455920880543702","0.30510752688172044","0.6666666666666666","4","8","false","Prex1","28.75","0","4","0","0.9349276274386406","false","0","Prex1","292","0.45634920634920634"
"5","3.444933920704846","0.029619443166946497","0.29028132992327366","0.42857142857142855","15","7","false","Gnas","12.6","0","15","0","0.9301447451227186","false","0","Gnas","8148","0.28484848484848485"
"5","2.7841409691629955","0.17908117497530643","0.35917721518987344","0.10252100840336134","35","7","false","Rhoc","6.771428571428571","0","35","0","0.9490245437382001","false","0","Rhoc","40502","0.0746031746031746"
"5","4.762114537444934","0.00881057268722467","0.20999074930619796","0.3333333333333333","3","9","false","Dap","3.0","0","3","0","0.892511013215859","false","0","Dap","1922","0.5333333333333333"
"5","3.3348017621145374","0.03415648341483019","0.2998678996036988","0.13333333333333333","6","8","false","Nck2","9.333333333333334","0","6","0","0.933291378225299","false","0","Nck2","4872","0.1840277777777778"
"5","4.458149779735683","0.028647420871895552","0.22430830039525693","0.0","3","8","false","Pdlim4","3.6666666666666665","0","3","0","0.9011957205789805","false","0","Pdlim4","3696","0.3333333333333333"
"5","3.7709251101321586","0.002950142671034422","0.2651869158878505","0.6545454545454545","11","7","false","Myh10","12.909090909090908","0","11","0","0.9208307111390811","false","0","Myh10","1534","0.37967914438502676"
"5","5.757709251101321","0.0","0.17368018362662588","0.0","1","10","false","Stk17b","3.0","0","1","0","0.8640654499685336","false","0","Stk17b","0","0.0"
"5","3.1277533039647576","0.029261933457551202","0.31971830985915495","0.0","5","8","false","Prkce","15.8","0","5","0","0.9392070484581497","false","0","Prkce","7744","0.2208955223880597"
"5","3.118942731277533","0.029778119682149735","0.3206214689265537","0.17333333333333334","25","8","false","Rhoj","7.32","0","25","0","0.9394587791063561","false","0","Rhoj","9408","0.10764705882352942"
"5","3.894273127753304","0.012836757600632603","0.25678733031674206","0.41818181818181815","11","8","false","Tagln","10.636363636363637","0","11","0","0.9173064820641914","false","0","Tagln","4434","0.31955922865013775"
"5","3.2334801762114536","0.07182049506690967","0.30926430517711173","0.044444444444444446","10","8","false","Mras","6.7","0","10","0","0.9361862806796728","false","0","Mras","14396","0.125"
"5","3.709251101321586","0.0025965119820025493","0.2695961995249406","0.6666666666666666","10","7","false","Lmod1","13.4","0","10","0","0.9225928256765261","false","0","Lmod1","1200","0.38285714285714284"
"5","2.995594713656388","0.08193124736018328","0.3338235294117647","0.150997150997151","27","8","false","Rhog","7.777777777777778","0","27","0","0.942983008181246","false","0","Rhog","19316","0.09798406000937647"
"5","5.427312775330397","0.0","0.18425324675324675","0.0","1","9","false","Zfp354c","2.0","0","1","0","0.8735053492762744","false","0","Zfp354c","0","0.0"
"5","3.828193832599119","0.0","0.26121979286536245","1.0","7","8","false","Ramp2","11.571428571428571","0","7","0","0.9191944619257395","false","0","Ramp2","0","0.36160714285714285"
"5","3.409691629955947","0.027171772060245084","0.29328165374677007","0.2","5","7","false","Enah","8.2","0","5","0","0.9311516677155445","false","0","Enah","4000","0.23636363636363636"
"5","3.39647577092511","0.011244579325938154","0.29442282749675747","0.3333333333333333","3","7","false","Fmnl3","18.0","0","3","0","0.931529263687854","false","0","Fmnl3","2354","0.3464052287581699"
"5","3.933920704845815","0.00559856627536594","0.2541993281075028","0.6666666666666666","4","8","false","Add1","6.0","0","4","0","0.9161736941472624","false","0","Add1","1128","0.375"
"5","3.6519823788546257","0.01625293406213083","0.2738238841978287","0.4485294117647059","17","7","false","Myh11","10.294117647058824","0","17","0","0.9242290748898678","false","0","Myh11","5318","0.28594771241830064"
"5","4.409691629955947","0.0","0.22677322677322675","0.0","1","9","false","Mtmr10","8.0","0","1","0","0.9025802391441158","false","0","Mtmr10","0","0.0"
"5","3.462555066079295","0.02366022553895729","0.28880407124681934","0.4","5","8","false","Add2","9.2","0","5","0","0.9296412838263058","false","0","Add2","3536","0.2571428571428571"
"5","4.061674008810573","4.603010294796191E-4","0.24620390455531452","0.3333333333333333","4","8","false","Mtss1","15.5","0","4","0","0.9125235997482694","false","0","Mtss1","320","0.5865384615384616"
"5","4.440528634361233","0.008810572687224669","0.2251984126984127","0.5","4","9","false","Dmtn","3.25","0","4","0","0.9016991818753933","false","0","Dmtn","1306","0.6"
"5","3.1145374449339207","0.11503619214518383","0.32107496463932106","0.12727272727272726","11","7","false","Calm1","11.272727272727273","0","11","0","0.9395846444304593","false","0","Calm1","25280","0.16804407713498623"
"5","4.215859030837004","0.010080558582932915","0.23719958202716826","0.0","3","9","false","Dysf","4.333333333333333","0","3","0","0.9081183134046571","false","0","Dysf","1742","0.3333333333333333"
"5","4.4449339207048455","0.0","0.22497522299306244","1.0","3","9","false","Add3","4.333333333333333","0","3","0","0.9015733165512901","false","0","Add3","0","0.7222222222222222"
"5","3.6387665198237884","0.008403983791481584","0.27481840193704604","0.2","6","8","false","Dlc1","16.0","0","6","0","0.9246066708621774","false","0","Dlc1","4692","0.4189189189189189"
"5","3.383259911894273","0.04928600588013965","0.2955729166666667","0.3216374269005848","19","7","false","Acta2","9.31578947368421","0","19","0","0.9319068596601637","false","0","Acta2","10714","0.21542227662178703"
"5","3.290748898678414","0.03021005351904081","0.3038821954484605","0.14285714285714285","7","8","false","Inppl1","8.285714285714286","0","7","0","0.934550031466331","false","0","Inppl1","6228","0.18815331010452963"
"5","3.6651982378854626","0.0","0.27283653846153844","1.0","3","8","false","Fgd1","29.0","0","3","0","0.9238514789175583","false","0","Fgd1","0","0.7837837837837838"
"5","2.854625550660793","0.17119865541149093","0.35030864197530864","0.039525691699604744","23","7","false","Fyn","5.739130434782608","0","23","0","0.9470106985525488","false","0","Fyn","27892","0.06714364336818933"
"5","4.220264317180617","5.156517924051351E-4","0.2369519832985386","0.0","2","9","false","Fgd5","6.0","0","2","0","0.9079924480805538","false","0","Fgd5","172","0.7142857142857143"
"5","3.9118942731277535","0.0036946532377677183","0.25563063063063063","0.4","5","8","false","Rasgrp2","5.0","0","5","0","0.9168030207677784","false","0","Rasgrp2","1218","0.3125"
"5","5.436123348017621","0.0","0.1839546191247974","0.0","1","10","false","Mpp1","4.0","0","1","0","0.8732536186280679","false","0","Mpp1","0","0.0"
"5","4.343612334801762","0.0","0.23022312373225154","1.0","3","8","false","Csrp2","15.666666666666666","0","3","0","0.904468219005664","false","0","Csrp2","0","0.6527777777777778"
"5","4.533039647577093","0.0","0.22060252672497568","0.0","1","8","false","Ankrd45","8.0","0","1","0","0.899056010069226","false","0","Ankrd45","0","0.0"
"5","3.762114537444934","0.0018026988207403244","0.265807962529274","0.0","2","8","false","Rasgrp3","13.0","0","2","0","0.9210824417872875","false","0","Rasgrp3","420","0.5217391304347826"
"5","3.6519823788546257","0.008810572687224669","0.2738238841978287","0.6","5","8","false","Arhgap23","18.6","0","5","0","0.9242290748898678","false","0","Arhgap23","1690","0.4972972972972973"
"5","3.6696035242290748","0.0104459386405342","0.2725090036014406","0.4","5","8","false","Rasgrp1","9.0","0","5","0","0.923725613593455","false","0","Rasgrp1","2656","0.2647058823529412"
"5","3.6299559471365637","0.014734167632659717","0.27548543689320387","0.75","8","7","false","Sorbs3","13.125","0","8","0","0.9248584015103839","false","0","Sorbs3","3556","0.38235294117647056"
"5","3.537444933920705","0.02353519205373393","0.2826899128268991","0.32142857142857145","8","7","false","Itpka","6.625","0","8","0","0.9275015733165514","false","0","Itpka","3466","0.24519230769230768"
"5","5.784140969162996","0.0","0.1728865194211729","0.0","1","10","false","Dnajc9","2.0","0","1","0","0.8633102580239144","false","0","Dnajc9","0","0.0"
"5","4.713656387665198","0.026197809052278663","0.2121495327102804","0.0","2","9","false","Pitx1","4.5","0","2","0","0.8938955317809943","false","0","Pitx1","3342","0.5"
"5","4.788546255506608","0.00881057268722467","0.20883164673413063","0.0","2","9","false","Usp46","3.5","0","2","0","0.8917558212712398","false","0","Usp46","1720","0.5"
"5","4.026431718061674","0.008362024393113537","0.24835886214442016","0.3333333333333333","3","7","false","Pdlim7","5.666666666666667","0","3","0","0.9135305223410951","false","0","Pdlim7","1868","0.48484848484848486"
"5","4.687224669603524","0.0","0.21334586466165414","0.0","1","9","false","Synpo","3.0","0","1","0","0.8946507237256136","false","0","Synpo","0","0.0"
"5","4.647577092511013","0.0","0.21516587677725119","0.0","1","9","false","Ccdc51","5.0","0","1","0","0.8957835116425424","false","0","Ccdc51","0","0.0"
"5","3.7577092511013217","0.038354698429247346","0.2661195779601407","0.0","4","7","false","Fscn1","7.25","0","4","0","0.9212083071113907","false","0","Fscn1","5554","0.25"
"5","4.493392070484582","0.0","0.22254901960784312","1.0","2","8","false","Rap1gap","5.0","0","2","0","0.9001887979861548","false","0","Rap1gap","0","1.0"
"5","3.850220264317181","0.0","0.2597254004576659","0.0","1","8","false","Pag1","23.0","0","1","0","0.9185651353052234","false","0","Pag1","0","0.0"
"5","3.6519823788546257","1.94924174496121E-5","0.2738238841978287","0.9","5","8","false","Fgd4","19.4","0","5","0","0.9242290748898678","false","0","Fgd4","4","0.5105263157894737"
"5","3.9647577092511015","0.0029007888327671765","0.25222222222222224","0.6","5","7","false","Spns2","8.0","0","5","0","0.9152926368785399","false","0","Spns2","626","0.52"
"5","3.092511013215859","0.07017205204651902","0.32336182336182334","0.35833333333333334","16","6","false","Gna12","14.0","0","16","0","0.9402139710509754","false","0","Gna12","16764","0.1883445945945946"
"5","3.607929515418502","0.009272886964617822","0.2771672771672772","0.2857142857142857","7","8","false","Arhgap28","14.571428571428571","0","7","0","0.9254877281308999","false","0","Arhgap28","4764","0.3626373626373626"
"5","3.515418502202643","0.01697574394660735","0.2844611528822055","0.5512820512820513","13","7","false","Myl12b","11.384615384615385","0","13","0","0.9281308999370673","false","0","Myl12b","5100","0.27106227106227104"
"5","4.58590308370044","1.94924174496121E-5","0.21805955811719502","0.0","3","9","false","Tns3","6.333333333333333","0","3","0","0.8975456261799875","false","0","Tns3","6","0.8888888888888888"
"5","3.5726872246696035","0.015616558867538644","0.279901356350185","0.4","6","8","false","Arhgap29","16.5","0","6","0","0.9264946507237257","false","0","Arhgap29","3132","0.375968992248062"
"5","3.2599118942731278","0.040071676568569886","0.30675675675675673","0.43478260869565216","23","7","false","Lpar3","12.91304347826087","0","23","0","0.9354310887350534","false","0","Lpar3","10834","0.22578184591914569"
"5","4.58590308370044","1.94924174496121E-5","0.21805955811719502","0.0","3","9","false","Tns1","6.333333333333333","0","3","0","0.8975456261799875","false","0","Tns1","6","0.8888888888888888"
"5","3.7665198237885464","0.0015276722280635848","0.2654970760233918","0.7222222222222222","9","7","false","S1pr1","10.444444444444445","0","9","0","0.9209565764631843","false","0","S1pr1","812","0.33691756272401435"
"5","3.5770925110132157","0.00252475621597445","0.27955665024630544","0.6888888888888889","10","7","false","S1pr2","10.9","0","10","0","0.9263687853996225","false","0","S1pr2","1316","0.3303030303030303"
"5","4.58590308370044","1.94924174496121E-5","0.21805955811719502","0.0","3","9","false","Tenc1","6.333333333333333","0","3","0","0.8975456261799875","false","0","Tenc1","6","0.8888888888888888"
"5","3.2422907488986783","0.09120381326398885","0.30842391304347827","0.1978021978021978","14","8","false","Actc1","9.642857142857142","0","14","0","0.9359345500314664","false","0","Actc1","20636","0.18406593406593408"
"5","4.819383259911894","0.0","0.20749542961608777","0.0","1","9","false","Gpr182","8.0","0","1","0","0.8908747640025173","false","0","Gpr182","0","0.0"
"5","4.030837004405286","0.0","0.24808743169398909","1.0","7","8","false","Aplnr","12.142857142857142","0","7","0","0.9134046570169918","false","0","Aplnr","0","0.4187192118226601"
"5","3.6387665198237884","0.008403983791481584","0.27481840193704604","0.2","6","8","false","Stard8","16.0","0","6","0","0.9246066708621774","false","0","Stard8","4692","0.4189189189189189"
"5","4.233480176211454","3.23733716707008E-5","0.23621227887617066","0.6666666666666666","3","8","false","Abi2","4.666666666666667","0","3","0","0.9076148521082441","false","0","Abi2","14","0.5185185185185185"
"5","3.801762114537445","0.020700991407183733","0.2630359212050985","0.2","6","8","false","Wasf1","4.0","0","6","0","0.9199496538703587","false","0","Wasf1","3936","0.27380952380952384"
"5","4.013215859030837","0.008054437537681479","0.24917672886937428","0.0","4","9","false","Ptpn13","4.25","0","4","0","0.9139081183134047","false","0","Ptpn13","1346","0.25"
"5","3.8105726872246697","4.752089082036432E-4","0.26242774566473986","0.8222222222222222","10","7","false","Myl6","12.9","0","10","0","0.9196979232221523","false","0","Myl6","246","0.43"
"5","3.511013215859031","6.69064844155997E-4","0.2848180677540778","0.6666666666666666","6","8","false","Inpp4a","10.833333333333334","0","6","0","0.9282567652611705","false","0","Inpp4a","216","0.30952380952380953"
"5","3.5770925110132157","0.00252475621597445","0.27955665024630544","0.6888888888888889","10","7","false","S1pr3","10.9","0","10","0","0.9263687853996225","false","0","S1pr3","1316","0.3303030303030303"
"5","3.462555066079295","0.003445399558001542","0.28880407124681934","0.47619047619047616","7","8","false","Inpp4b","9.857142857142858","0","7","0","0.9296412838263058","false","0","Inpp4b","796","0.2556390977443609"
"5","4.647577092511013","0.0","0.21516587677725119","1.0","2","9","false","Grap","5.0","0","2","0","0.8957835116425424","false","0","Grap","0","0.8333333333333334"
"5","4.568281938325991","0.0","0.218900675024108","0.0","1","9","false","Rasip1","6.0","0","1","0","0.8980490874764002","false","0","Rasip1","0","0.0"
"5","3.5682819383259914","0.028554705337706755","0.2802469135802469","0.38333333333333336","16","7","false","Actg2","9.9375","0","16","0","0.9266205160478289","false","0","Actg2","8052","0.2743055555555556"
"5","3.920704845814978","2.911317713859523E-4","0.2550561797752809","0.3333333333333333","3","8","false","Fam122a","10.0","0","3","0","0.9165512901195719","false","0","Fam122a","108","0.6041666666666666"
"5","3.4537444933920707","0.008302949141815","0.2895408163265306","0.16666666666666666","4","8","false","Shb","11.0","0","4","0","0.9298930144745122","false","0","Shb","2300","0.3"
"5","3.6651982378854626","0.0","0.27283653846153844","1.0","3","8","false","Arhgap31","29.0","0","3","0","0.9238514789175583","false","0","Arhgap31","0","0.7837837837837838"
"5","4.325991189427313","4.061302506266238E-4","0.2311608961303462","0.3333333333333333","3","8","false","Dok1","4.333333333333333","0","3","0","0.9049716803020768","false","0","Dok1","72","0.5714285714285714"
"5","4.687224669603524","0.006656440358474202","0.21334586466165414","0.0","4","9","false","Gja5","4.25","0","4","0","0.8946507237256136","false","0","Gja5","3242","0.40625"
"5","3.502202643171806","0.012293148495216007","0.28553459119496855","0.4","5","7","false","Gfra3","8.2","0","5","0","0.928508495909377","false","0","Gfra3","2540","0.24848484848484848"
"5","5.5506607929515415","0.0","0.18015873015873018","0.0","1","9","false","Fxyd3","2.0","0","1","0","0.8699811202013846","false","0","Fxyd3","0","0.0"
"5","3.590308370044053","0.009206882525017016","0.2785276073619632","0.3333333333333333","4","8","false","Ighg2c","12.0","0","4","0","0.9259911894273127","false","0","Ighg2c","2192","0.3076923076923077"
"5","3.444933920704846","5.578319211315975E-4","0.29028132992327366","0.7333333333333333","6","8","false","Mtmr4","12.333333333333334","0","6","0","0.9301447451227186","false","0","Mtmr4","166","0.3008130081300813"
"5","3.502202643171806","0.012293148495216007","0.28553459119496855","0.4","5","7","false","Nrtn","8.2","0","5","0","0.928508495909377","false","0","Nrtn","2540","0.24848484848484848"
"5","3.7444933920704844","0.054951281213816094","0.2670588235294118","0.14285714285714285","7","8","false","Tbx5","6.0","0","7","0","0.9215859030837006","false","0","Tbx5","11140","0.1989795918367347"
"5","4.048458149779735","5.506739191585786E-4","0.2470076169749728","0.3","5","8","false","Plch2","5.2","0","5","0","0.912901195720579","false","0","Plch2","130","0.48"
"5","4.044052863436123","0.005098809203912314","0.24727668845315906","0.6666666666666666","3","8","false","Dapk2","6.333333333333333","0","3","0","0.9130270610446822","false","0","Dapk2","1172","0.4222222222222222"
"5","3.881057268722467","0.0027057841996830727","0.25766174801362085","0.3333333333333333","3","8","false","Tec","8.0","0","3","0","0.917684078036501","false","0","Tec","506","0.38333333333333336"
"5","3.5462555066079293","0.009810917468418149","0.2819875776397516","0.5","4","7","false","Arhgap32","22.5","0","4","0","0.927249842668345","false","0","Arhgap32","2674","0.5705128205128205"
"5","5.233480176211454","0.0","0.1910774410774411","0.0","1","9","false","Paip1","3.0","0","1","0","0.8790434235368156","false","0","Paip1","0","0.0"
"5","4.022026431718062","0.006146626497417428","0.24863088718510407","0.3333333333333333","3","8","false","Mecp2","5.666666666666667","0","3","0","0.9136563876651983","false","0","Mecp2","1846","0.38095238095238093"
"5","3.5066079295154187","9.908851530093228E-4","0.2851758793969849","0.3333333333333333","3","8","false","Limk2","17.333333333333332","0","3","0","0.9283826305852738","false","0","Limk2","234","0.37777777777777777"
"5","3.814977973568282","0.033901153641139305","0.26212471131639725","0.13333333333333333","6","8","false","Tbx20","6.0","0","6","0","0.9195720578980491","false","0","Tbx20","6432","0.21153846153846154"
"5","4.81057268722467","0.0","0.20787545787545786","0.0","1","9","false","Creld1","6.0","0","1","0","0.8911264946507237","false","0","Creld1","0","0.0"
"5","3.9911894273127753","0.0","0.25055187637969095","0.0","1","9","false","Plekhg6","27.0","0","1","0","0.9145374449339206","false","0","Plekhg6","0","0.0"
"5","6.506607929515418","0.0","0.15368991198375084","0.0","1","11","false","Zfp422","2.0","0","1","0","0.8426683448709881","false","0","Zfp422","0","0.0"
"5","3.193832599118943","0.022137977949712076","0.31310344827586206","0.2777777777777778","9","8","false","Arhgap35","15.222222222222221","0","9","0","0.9373190685966016","false","0","Arhgap35","5972","0.22895622895622897"
"5","4.110132158590308","0.0","0.24330117899249734","0.0","1","8","false","Ppp1r3f","11.0","0","1","0","0.911139081183134","false","0","Ppp1r3f","0","0.0"
"5","3.947136563876652","0.0","0.2533482142857143","1.0","2","8","false","Rnd2","8.0","0","2","0","0.9157960981749528","false","0","Rnd2","0","0.6666666666666666"
"5","4.070484581497797","0.015440299923991653","0.24567099567099568","0.0","4","9","false","Lims2","3.25","0","4","0","0.912271869100063","false","0","Lims2","2340","0.25"
"5","5.066079295154185","0.0","0.1973913043478261","0.0","1","10","false","Ripk4","4.0","0","1","0","0.8838263058527376","false","0","Ripk4","0","0.0"
"5","3.20704845814978","0.042364706043952864","0.3118131868131868","0.2","6","7","false","Pfn2","10.833333333333334","0","6","0","0.9369414726242921","false","0","Pfn2","7978","0.1839080459770115"
"5","3.7797356828193833","0.014165730940346063","0.26456876456876455","0.3","5","8","false","Dapk3","9.0","0","5","0","0.9205789804908747","false","0","Dapk3","3354","0.36"
"5","3.947136563876652","0.0","0.2533482142857143","1.0","2","8","false","Slit2","5.5","0","2","0","0.9157960981749528","false","0","Slit2","0","0.6875"
"5","3.94273127753304","0.0","0.2536312849162011","1.0","2","8","false","Rnd3","10.5","0","2","0","0.915921963499056","false","0","Rnd3","0","0.65625"
"5","4.79295154185022","0.0012065553253031325","0.20863970588235295","0.0","2","10","false","Tapbp","3.5","0","2","0","0.8916299559471366","false","0","Tapbp","152","0.5"
"5","4.127753303964758","0.001654103198877282","0.24226254002134473","0.0","2","9","false","Plekha1","5.5","0","2","0","0.9106356198867211","false","0","Plekha1","298","0.5"
"5","4.286343612334802","0.0","0.23329907502569372","0.0","1","9","false","Sh3bp1","7.0","0","1","0","0.9061044682190056","false","0","Sh3bp1","0","0.0"
"5","3.555066079295154","0.05522540317796497","0.28128872366790586","0.13333333333333333","10","7","false","Mef2c","4.8","0","10","0","0.9269981120201385","false","0","Mef2c","10154","0.140625"
"5","3.841409691629956","0.0","0.26032110091743116","1.0","2","8","false","Farp2","13.5","0","2","0","0.9188168659534298","false","0","Farp2","0","0.5625"
"5","4.237885462555066","0.017582160539550116","0.23596673596673598","0.0","3","8","false","Zcchc11","8.333333333333334","0","3","0","0.9074889867841409","false","0","Zcchc11","4054","0.3333333333333333"
"5","3.4801762114537445","4.684551086250823E-4","0.2873417721518987","0.6666666666666666","4","8","false","Rtkn","14.75","0","4","0","0.929137822529893","false","0","Rtkn","118","0.3277777777777778"
"5","6.136563876651983","0.00881057268722467","0.16295764536970567","0.0","2","11","false","Klhl4","1.5","0","2","0","0.8532410320956576","false","0","Klhl4","1454","0.5"
"5","5.149779735682819","0.01754317570465089","0.19418306244653552","0.0","2","10","false","Sowahd","2.5","0","2","0","0.8814348646947766","false","0","Sowahd","2904","0.5"
"5","3.1233480176211454","0.020914610514006265","0.32016925246826516","0.23809523809523808","7","7","false","Plxnb1","12.428571428571429","0","7","0","0.9393329137822529","false","0","Plxnb1","4690","0.1812366737739872"
"5","7.13215859030837","0.0","0.14021000617665227","0.0","1","12","false","Tmem132c","2.0","0","1","0","0.8247954688483322","false","0","Tmem132c","0","0.0"
"5","6.775330396475771","0.0","0.14759427828348504","0.0","1","11","false","Slc6a8","2.0","0","1","0","0.8349905601006923","false","0","Slc6a8","0","0.0"
"5","4.422907488986784","0.0","0.2260956175298805","1.0","2","9","false","Kcnc4","8.0","0","2","0","0.9022026431718062","false","0","Kcnc4","0","0.5714285714285714"
"5","3.6651982378854626","0.0","0.27283653846153844","1.0","3","8","false","Arhgap4","29.0","0","3","0","0.9238514789175583","false","0","Arhgap4","0","0.7837837837837838"
"5","4.5550660792951545","0.00881057268722467","0.21953578336557059","0.0","2","8","false","Atp1b2","8.5","0","2","0","0.8984266834487098","false","0","Atp1b2","1854","0.5"
"5","3.9030837004405288","2.911317713859523E-4","0.2562076749435666","0.8","5","8","false","Ipmk","8.6","0","5","0","0.917054751415985","false","0","Ipmk","108","0.45263157894736844"
"5","5.211453744493392","0.0","0.1918850380388842","0.0","1","10","false","Anxa6","3.0","0","1","0","0.8796727501573317","false","0","Anxa6","0","0.0"
"5","3.6211453744493394","7.460694281152702E-5","0.2761557177615572","0.9","5","8","false","Arhgap42","19.6","0","5","0","0.9251101321585903","false","0","Arhgap42","18","0.5157894736842106"
"5","4.422907488986784","0.0","0.2260956175298805","1.0","2","9","false","Plekha6","8.0","0","2","0","0.9022026431718062","false","0","Plekha6","0","0.5714285714285714"
"5","3.4008810572687223","0.02260171635903549","0.2940414507772021","0.6","6","8","false","Arhgef5","17.333333333333332","0","6","0","0.9314033983637509","false","0","Arhgef5","4258","0.39015151515151514"
"5","4.118942731277533","9.755768432013386E-5","0.2427807486631016","0.9047619047619048","7","8","false","Myh14","12.428571428571429","0","7","0","0.9108873505349275","false","0","Myh14","92","0.49714285714285716"
"5","3.933920704845815","0.0","0.2541993281075028","0.0","1","8","false","Clec1b","16.0","0","1","0","0.9161736941472624","false","0","Clec1b","0","0.0"
"5","3.6651982378854626","0.0","0.27283653846153844","1.0","3","8","false","Arhgef10l","29.0","0","3","0","0.9238514789175583","false","0","Arhgef10l","0","0.7837837837837838"
"5","5.1982378854625555","0.0","0.1923728813559322","0.0","1","9","false","Slc9a3r2","4.0","0","1","0","0.8800503461296413","false","0","Slc9a3r2","0","0.0"
"5","3.392070484581498","0.010563328504154654","0.2948051948051948","0.4166666666666667","9","8","false","Plcd3","9.333333333333334","0","9","0","0.9316551290119572","false","0","Plcd3","2074","0.21212121212121213"
"5","3.3083700440528636","0.010264164111281041","0.30226364846870835","0.3","5","8","false","Pip5k1b","14.0","0","5","0","0.9340465701699182","false","0","Pip5k1b","2216","0.27755102040816326"
"5","3.092511013215859","0.060745254533658824","0.32336182336182334","0.13636363636363635","12","7","false","Rock2","8.833333333333334","0","12","0","0.9402139710509754","false","0","Rock2","14016","0.12935323383084577"
"5","4.5506607929515415","0.0","0.2197483059051307","0.0","1","8","false","Zcwpw1","10.0","0","1","0","0.8985525487728131","false","0","Zcwpw1","0","0.0"
"5","3.383259911894273","0.02531818971406409","0.2955729166666667","0.0","4","7","false","Ncoa2","9.5","0","4","0","0.9319068596601637","false","0","Ncoa2","3428","0.25757575757575757"
"5","3.5462555066079293","0.033185456929143466","0.2819875776397516","0.2","6","8","false","Arhgef15","15.833333333333334","0","6","0","0.927249842668345","false","0","Arhgef15","6854","0.37398373983739835"
"5","2.9383259911894273","0.09044189117465132","0.3403298350824588","0.16666666666666666","16","7","false","Plcg2","7.875","0","16","0","0.9446192573945877","false","0","Plcg2","16322","0.10616438356164383"
"5","3.6255506607929515","0.01396908082513289","0.275820170109356","0.16666666666666666","4","8","false","Epha4","8.75","0","4","0","0.9249842668344871","false","0","Epha4","2096","0.275"
"5","3.4140969162995596","0.02108361880034611","0.2929032258064516","0.39285714285714285","8","8","false","Mtm1","9.5","0","8","0","0.9310258023914413","false","0","Mtm1","3278","0.22560975609756098"
"5","3.5198237885462555","0.00118268384868856","0.28410513141426785","0.0","2","8","false","Nedd9","14.0","0","2","0","0.9280050346129641","false","0","Nedd9","388","0.52"
"5","4.5506607929515415","0.0","0.2197483059051307","0.0","1","8","false","Nfatc4","10.0","0","1","0","0.8985525487728131","false","0","Nfatc4","0","0.0"
"5","6.431718061674009","0.0","0.15547945205479452","0.0","1","10","false","Uaca","3.0","0","1","0","0.8448080553807427","false","0","Uaca","0","0.0"
"5","4.524229074889868","0.01754317570465089","0.2210321324245375","0.0","2","9","false","Ccm2l","4.0","0","2","0","0.8993077407174324","false","0","Ccm2l","3304","0.5"
"5","3.6651982378854626","0.0","0.27283653846153844","1.0","3","8","false","Arhgef16","29.0","0","3","0","0.9238514789175583","false","0","Arhgef16","0","0.7837837837837838"
"5","4.8017621145374445","0.00881057268722467","0.20825688073394497","0.0","2","9","false","Slc25a21","3.5","0","2","0","0.8913782252989301","false","0","Slc25a21","1162","0.5"
"5","5.797356828193832","0.0","0.17249240121580547","0.0","1","10","false","Tmem56","2.0","0","1","0","0.8629326620516048","false","0","Tmem56","0","0.0"
"5","3.3303964757709252","0.002490831444653531","0.30026455026455023","0.7714285714285715","15","7","false","Lpar4","15.533333333333333","0","15","0","0.9334172435494021","false","0","Lpar4","1566","0.2987179487179487"
"5","3.4317180616740086","0.01768284292724456","0.2913992297817715","0.7252747252747253","14","8","false","Gm28040","14.142857142857142","0","14","0","0.9305223410950282","false","0","Gm28040","3544","0.2886297376093295"
"5","3.6343612334801763","0.037482001164596976","0.27515151515151515","0.2","5","7","false","Nkx2-3","8.8","0","5","0","0.9247325361862806","false","0","Nkx2-3","8918","0.2625"
"5","3.5594713656387666","0.005287757326893514","0.2809405940594059","0.4","5","8","false","Grap2","10.4","0","5","0","0.9268722466960353","false","0","Grap2","1064","0.26"
"5","3.6651982378854626","0.0","0.27283653846153844","1.0","3","8","false","Arhgef18","29.0","0","3","0","0.9238514789175583","false","0","Arhgef18","0","0.7837837837837838"
"5","3.3259911894273126","0.011301404131878202","0.30066225165562915","0.675","16","7","false","Lpar6","14.5625","0","16","0","0.9335431088735053","false","0","Lpar6","3356","0.28431372549019607"
"5","3.850220264317181","0.0","0.2597254004576659","0.0","1","8","false","Zfp106","23.0","0","1","0","0.9185651353052234","false","0","Zfp106","0","0.0"
"5","3.502202643171806","0.001647417040796353","0.28553459119496855","0.0","2","7","false","Thra","16.0","0","2","0","0.928508495909377","false","0","Thra","462","0.5172413793103449"
"5","5.211453744493392","0.0","0.1918850380388842","0.0","1","9","false","ENSMUSG00000053080","4.0","0","1","0","0.8796727501573317","false","0","ENSMUSG00000053080","0","0.0"
"5","5.453744493392071","1.2994944966408067E-5","0.18336025848142165","0.0","2","9","false","Tbx2","4.0","0","2","0","0.8727501573316551","false","0","Tbx2","2","0.75"
"5","3.4405286343612334","1.3966722259366535E-4","0.2906530089628681","0.9848484848484849","12","8","false","Gpr4","16.333333333333332","0","12","0","0.9302706104468218","false","0","Gpr4","136","0.3333333333333333"
"5","4.79295154185022","0.01754317570465089","0.20863970588235295","0.0","2","9","false","Ada","5.0","0","2","0","0.8916299559471366","false","0","Ada","3400","0.5"
"5","4.3215859030837","0.0","0.23139653414882774","0.0","1","8","false","Emp2","16.0","0","1","0","0.90509754562618","false","0","Emp2","0","0.0"
"5","5.779735682819383","0.00881057268722467","0.17301829268292684","0.0","2","10","false","Gamt","1.5","0","2","0","0.8634361233480177","false","0","Gamt","1702","0.5"
"5","5.453744493392071","1.2994944966408067E-5","0.18336025848142165","0.0","2","9","false","Tbx3","4.0","0","2","0","0.8727501573316551","false","0","Tbx3","2","0.75"
"5","3.3348017621145374","0.0019758773252753965","0.2998678996036988","0.8461538461538461","14","7","false","F2rl3","16.071428571428573","0","14","0","0.933291378225299","false","0","F2rl3","1236","0.3090659340659341"
"5","3.2687224669603525","0.010694147470738075","0.3059299191374663","0.4444444444444444","9","8","false","Pik3r6","16.444444444444443","0","9","0","0.935179358086847","false","0","Pik3r6","3070","0.2569444444444444"
"5","4.484581497797357","0.011233267211947572","0.22298624754420435","0.16666666666666666","4","8","false","Irx4","5.25","0","4","0","0.9004405286343612","false","0","Irx4","4290","0.36538461538461536"
"5","6.431718061674009","0.0","0.15547945205479452","0.0","1","10","false","Dip2c","3.0","0","1","0","0.8448080553807427","false","0","Dip2c","0","0.0"
"5","4.202643171806168","0.019505131241007282","0.23794549266247378","0.0","4","8","false","Trip6","3.25","0","4","0","0.9084959093769667","false","0","Trip6","2410","0.25"
"5","3.3480176211453743","0.0010289735403089203","0.29868421052631583","0.9102564102564102","13","7","false","F2rl2","16.23076923076923","0","13","0","0.9329137822529893","false","0","F2rl2","702","0.31825037707390647"
"5","3.3700440528634363","0.011844063667534457","0.29673202614379085","0.4","6","7","false","Sphk2","10.333333333333334","0","6","0","0.9322844556324733","false","0","Sphk2","2348","0.2777777777777778"
"5","5.436123348017621","0.017582160539550116","0.1839546191247974","0.0","3","9","false","Zcchc14","1.6666666666666667","0","3","0","0.8732536186280679","false","0","Zcchc14","2266","0.3333333333333333"
"5","3.814977973568282","0.026197809052278663","0.26212471131639725","0.75","8","8","false","Adora2a","10.25","0","8","0","0.9195720578980491","false","0","Adora2a","5094","0.31640625"
"5","3.6651982378854626","0.0","0.27283653846153844","1.0","3","8","false","Mcf2l","29.0","0","3","0","0.9238514789175583","false","0","Mcf2l","0","0.7837837837837838"
"5","4.643171806167401","0.0","0.21537001897533206","1.0","2","8","false","Cnn3","11.0","0","2","0","0.8959093769666456","false","0","Cnn3","0","0.6470588235294118"
"5","3.3656387665198237","0.03038766325048167","0.29712041884816753","0.21428571428571427","8","8","false","Arhgef6","14.125","0","8","0","0.9324103209565765","false","0","Arhgef6","7700","0.2780612244897959"
"5","3.8237885462555066","0.0010515277522411756","0.26152073732718895","0.3333333333333333","4","8","false","Plxna2","7.5","0","4","0","0.9193203272498427","false","0","Plxna2","194","0.3020833333333333"
"5","2.6872246696035242","0.1932655334459714","0.3721311475409836","0.21693121693121692","28","7","false","Pik3r3","11.785714285714286","0","28","0","0.9517935808684708","false","0","Pik3r3","36088","0.10275689223057644"
"5","4.145374449339207","0.0","0.2412327311370882","0.0","1","8","false","Rasd1","15.0","0","1","0","0.9101321585903084","false","0","Rasd1","0","0.0"
"3","0.0","0.0","0.0","0.0","0","0","true","Cnst","0.0","0","0","0","Infinity","false","0","Cnst","0","0.0"
"5","3.8898678414096914","0.0133742906511076","0.2570781426953567","0.0","4","8","false","Parvb","5.0","0","4","0","0.9174323473882946","false","0","Parvb","2794","0.26666666666666666"
"5","4.361233480176211","0.0","0.2292929292929293","0.0","1","9","false","Cln8","8.0","0","1","0","0.9039647577092511","false","0","Cln8","0","0.0"
"5","3.4405286343612334","1.3966722259366535E-4","0.2906530089628681","0.9848484848484849","12","8","false","F2rl1","16.333333333333332","0","12","0","0.9302706104468218","false","0","F2rl1","136","0.3333333333333333"
"5","3.6916299559471364","0.00881057268722467","0.27088305489260145","0.3333333333333333","3","8","false","Kirrel","10.0","0","3","0","0.923096286972939","false","0","Kirrel","1222","0.3717948717948718"
